[0;5;0]&x&f&3&f&3&a&0&b-&x&f&3&f&3&a&0---------
[0;2;0]&x&f&3&f&3&a&0-&b-&x&f&3&f&3&a&0--------
[0;2;0]&x&f&3&f&3&a&0--&b-&x&f&3&f&3&a&0-------
[0;2;0]&x&f&3&f&3&a&0---&b-&x&f&3&f&3&a&0------
[0;2;0]&x&f&3&f&3&a&0----&b-&x&f&3&f&3&a&0-----
[0;2;0]&x&f&3&f&3&a&0-----&b-&x&f&3&f&3&a&0----
[0;2;0]&x&f&3&f&3&a&0------&b-&x&f&3&f&3&a&0---
[0;2;0]&x&f&3&f&3&a&0-------&b-&x&f&3&f&3&a&0--
[0;2;0]&x&f&3&f&3&a&0--------&b-&x&f&3&f&3&a&0-
[0;5;0]&x&f&3&f&3&a&0---------&b-&x&f&3&f&3&a&0
[0;2;0]&x&f&3&f&3&a&0--------&b-&x&f&3&f&3&a&0-
[0;2;0]&x&f&3&f&3&a&0-------&b-&x&f&3&f&3&a&0--
[0;2;0]&x&f&3&f&3&a&0------&b-&x&f&3&f&3&a&0---
[0;2;0]&x&f&3&f&3&a&0-----&b-&x&f&3&f&3&a&0----
[0;2;0]&x&f&3&f&3&a&0----&b-&x&f&3&f&3&a&0-----
[0;2;0]&x&f&3&f&3&a&0---&b-&x&f&3&f&3&a&0------
[0;2;0]&x&f&3&f&3&a&0--&b-&x&f&3&f&3&a&0-------
[0;2;0]&x&f&3&f&3&a&0-&b-&x&f&3&f&3&a&0--------